中国300个普通城市政府门户网站排行(2)
40
菏泽市
山东省
53
43
51
57
40
常州市
江苏省
52
47
51
57
40
荆门市
湖北省
52
47
51
57
40
黄石市
湖北省
52
47
51
57
40
北海市
广西区
52
47
51
57
45
襄樊市
湖北省
53
41
50.6
63
45
洛阳市
河南省
53
41
50.6
63
45
江门市
广东省
53
41
50.6
63
48
德州市
山东省
52
44
50.4
66
48
景德镇市
江西省
52
44
50.4
66
48
邵阳市
湖南省
52
44
50.4
66
51
潮州市
广东省
52
44
50.4
66
52
舟山市
浙江省
50
51
50.2
71
52
西双版纳州
云南省
50
51
50.2
71
52
聊城市
山东省
50
51
50.2
71
52
东营市
山东省
50
51
50.2
71
52
宿迁市
江苏省
50
51
50.2
71
52
漯河市
河南省
52
43
50.2
71
52
三亚市
海南省
50
51
50.2
71
59
乐山市
四川省
51
46
50
79
59
株洲市
湖南省
52
42
50
79