第十五届中国政府网站省会城市网站评估结果
省会城市政府网站评估结果
第十五届中国政府网站绩效评估中，成都市、广州市/长沙市（并列第2）、武汉市、济南市、南京市、西安市、福州市/合肥市（并列第7）、贵阳市、太原市、南宁市位列省会城市政府网站前10名。省会城市政府网站评估结果前20名如下表所示。
排名
名称
政务公开指数
政务服务指数
互动交流指数
日常保障指数
功能与影响力指数
优秀创新案例指数
总分
1
成都市
0.82
0.83
0.92
0.87
0.90
0.80
92.5
2
广州市
0.86
0.80
0.87
0.93
0.90
0.68
90.9
2
长沙市
0.86
0.80
0.88
0.93
0.75
0.75
90.9
3
武汉市
0.80
0.78
0.88
0.87
0.85
0.90
90.2
4
济南市
0.76
0.76
0.83
0.93
0.75
0.95
88.7
5
南京市
0.84
0.85
0.89
0.87
0.70
0.35
88.1
6
西安市
0.91
0.83
0.83
0.93
0.75
0.25
87.7
7
福州市
0.84
0.82
0.87
0.80
0.75
0.29
84.8
7
合肥市
0.82
0.86
0.79
0.87
0.60
0.18
84.8
8
贵阳市
0.86
0.75
0.69
0.83
0.90
0.40
82.4
9
太原市
0.69
0.81
0.78
0.93
0.80
0.12
81.8
10
南宁市
0.86
0.68
0.79
0.93
0.75
0.24
78.7
11
杭州市
0.75
0.78
0.67
0.93
0.25
0.20
77.4
12
南昌市
0.66
0.72
0.88
0.93
0.45
0.23
76.5
13
沈阳市
0.72
0.62
0.78
0.93
0.80
0.35
74.6
14
昆明市
0.66
0.72
0.63
0.87
0.65
0.17
73.7
15
哈尔滨市
0.84
0.66
0.88
0.80
0.35
0.19
73.1
16
郑州市
0.83
0.63
0.83
0.80
0.50
0.18
71.8
17
海口市
0.81
0.55
0.78
0.93
0.75
0.15
69.8
18
长春市
0.59
0.62
0.85
0.87
0.25
0.29
68.1
19
石家庄市
0.41
0.62
0.77
0.87
0.70
0.12
65.5
20
兰州市
0.66
0.50
0.78
0.93
0.25
0.28
63.1
（备注：20名以后的网站如需了解具体名次，请与评估工作组联系。）