第十五届中国政府网站部委网站评估结果
一、国务院组成部门网站评估结果
第十五届中国政府网站绩效评估中，商务部、交通运输部、工业和信息化部、农业部、发展改革委、水利部/公安部（并列第6）、国土资源部/科技部（并列第7）、卫生计生委、财政部、文化部位列国务院组成部门网站前10名。国务院组成部门网站评估结果前15名如下表所示。
排名
名称
政务公开指数
政务服务指数
互动交流指数
日常保障指数
功能与影响力指数
优秀创新案例指数
总分
1
商务部
0.85
0.72
0.72
0.93
0.90
0.92
94.9
2
交通运输部
0.82
0.73
0.77
0.73
0.75
0.95
91.4
3
工业和信息化部
0.61
0.79
0.77
0.93
0.80
0.94
88.8
4
农业部
0.89
0.84
0.77
0.87
0.55
0.27
86.3
5
发展改革委
0.91
0.75
0.61
0.93
0.55
0.30
83.3
6
水利部
0.69
0.70
0.69
0.87
0.40
0.89
83.0
6
公安部
0.82
0.74
0.66
0.87
0.65
0.46
83.0
7
国土资源部
0.80
0.83
0.61
0.93
0.75
0.31
82.9
7
科技部
0.85
0.75
0.67
0.93
0.65
0.28
82.9
8
卫生计生委
0.74
0.62
0.59
0.87
0.65
0.75
80.7
9
财政部
0.71
0.70
0.68
0.93
0.55
0.46
78.8
10
文化部
0.84
0.70
0.61
0.87
0.50
0.26
77.7
11
教育部
0.82
0.75
0.70
0.53
0.50
0.30
75.4
12
环境保护部
0.76
0.69
0.64
0.67
0.55
0.35
74.1
13
住房城乡建设部
0.62
0.54
0.71
0.93
0.40
0.46
71.8
14
人力资源社会保障部
0.77
0.40
0.68
0.93
0.50
0.32
71.6
15
民政部
0.75
0.37
0.71
0.93
0.60
0.23
70.6
（备注：15名以后的网站如需了解具体名次，请与评估工作组联系。）
二、国务院其他部门网站评估结果
第十五届中国政府网站绩效评估中，质检总局/税务总局（并列第1）、林业局、工商总局、食品药品监管总局、海关总署、安全监管总局、证监会、体育总局/邮政局（并列第8）、气象局、地震局位列国务院其他部门网站前10名。国务院其他部门网站评估结果前15名如下表所示。
排名
名称
政务公开指数
政务服务指数
互动交流指数
日常保障指数
功能与影响力指数
优秀创新案例指数
总分
1
质检总局
0.74
0.84
0.76
0.93
0.65
0.92
92.6
1
税务总局
0.71
0.83
0.79
0.93
0.70
0.94
92.6
2
林业局
0.80
0.72
0.68
0.87
0.90
0.92
91.4
3
工商总局
0.80
0.72
0.67
0.87
0.55
0.93
88.2
4
食品药品监管总局
0.82
0.77
0.70
0.93
0.90
0.31
85.4
5
海关总署
0.73
0.60
0.66
0.93
0.75
0.88
84.8
6
安全监管总局
0.81
0.74
0.52
0.93
0.75
0.21
77.9
7
证监会
0.72
0.68
0.66
0.87
0.75
0.29
76.8
8
体育总局
0.72
0.52
0.73
0.93
0.65
0.39
76.0
8
邮政局
0.76
0.56
0.69
0.93
0.60
0.32
76.0
9
气象局
0.72
0.42
0.55
0.87
0.75
0.70
74.3
10
地震局
0.71
0.42
0.54
0.87
0.55
0.74
73.1
11
民航局
0.72
0.66
0.50
0.93
0.50
0.31
72.4
12
测绘地信局
0.75
0.52
0.57
0.93
0.65
0.27
72.2
13
新闻出版广电总局
0.74
0.60
0.54
0.93
0.45
0.31
72.0
14
保监会
0.76
0.53
0.41
0.93
0.75
0.26
70.1
15
铁路局
0.69
0.68
0.40
0.87
0.55
0.35
69.7
（备注：15名以后的网站如需了解具体名次，请与评估工作组联系。）