2011年部委网站绩效评估结果
2011年中国政府网站绩效评估中，商务部蝉联部委网站第一名，质检总局、交通运输部、海关总署、发展改革委、工业和信息化部、农业部、公安部、科技部、林业局分别位列第二到第十名。新闻出版总署(版权局)、人口计生委、文化部、体育总局、铁道部、气象局等网站进步幅度较大。部委网站评估结果如下表所示：
排名
部委网站
总分
信息公开指数
在线办事指数
公众参与指数
日常监测用户调查指数
1
商务部
79.87
0.85
0.75
0.86
0.68
2
质检总局
75.12
0.79
0.83
0.80
0.53
3
交通运输部
74.83
0.86
0.76
0.70
0.60
4
海关总署
73.48
0.70
0.75
0.77
0.74
5
发展改革委
72.25
0.84
0.65
0.80
0.50
6
工业和信息化部
71.10
0.81
0.66
0.68
0.64
7
农业部
70.17
0.80
0.59
0.74
0.60
8
公安部
69.73
0.69
0.77
0.72
0.63
9
科技部
68.30
0.83
0.73
0.52
0.56
10
林业局
67.40
0.70
0.66
0.63
0.69
11
财政部
66.57
0.77
0.44
0.69
0.67
12
税务总局
64.19
0.62
0.77
0.64
0.56
13
安全监管总局
63.13
0.86
0.37
0.63
0.50
14
工商总局
61.94
0.62
0.55
0.64
0.66
15
食品药品监管局
61.15
0.65
0.52
0.70
0.54
16
水利部
60.32
0.75
0.59
0.56
0.42
17
人口计生委
60.08
0.75
0.55
0.40
0.63
18
住房城乡建设部
58.75
0.74
0.57
0.41
0.54
19
国土资源部
57.81
0.69
0.43
0.45
0.67
20
文化部
56.64
0.60
0.52
0.56
0.55
21
环境保护部
55.61
0.78
0.43
0.38
0.49
22
新闻出版总署(版权局)
54.71
0.58
0.44
0.55
0.60
23
测绘地信局
54.60
0.69
0.42
0.46
0.52
24
卫生部
53.94
0.86
0.19
0.31
0.59
25
邮政局
52.18
0.65
0.25
0.49
0.60
26
民航局
50.89
0.65
0.29
0.44
0.57
27
民政部
50.32
0.71
0.22
0.33
0.62
28
证监会
48.96
0.66
0.24
0.41
0.53
29
烟草局
47.46
0.44
0.41
0.55
0.51
30
教育部
46.54
0.52
0.40
0.27
0.66
31
国资委
45.48
0.58
0.29
0.29
0.60
32
知识产权局
45.28
0.55
0.30
0.36
0.55
33
气象局
44.19
0.52
0.34
0.37
0.50
34
广电总局
43.15
0.42
0.53
0.37
0.43
35
粮食局
42.63
0.45
0.37
0.46
0.41
36
保监会
42.27
0.60
0.19
0.22
0.59
37
文物局
42.17
0.51
0.29
0.29
0.55
38
人力资源社会保障部
41.11
0.54
0.29
0.26
0.47
39
人民银行
40.93
0.43
0.26
0.47
0.45
40
旅游局
40.12
0.57
0.31
0.14
0.51
41
国管局
39.62
0.48
0.31
0.19
0.58
42
审计署
38.66
0.48
0.14
0.32
0.55
43
中医药局
37.04
0.50
0.18
0.26
0.46
44
国家民委
36.40
0.63
0.17
0.16
0.34
45
体育总局
36.29
0.64
0.10
0.00
0.56
46
海洋局
35.54
0.36
0.21
0.36
0.49
47
外专局
35.17
0.43
0.26
0.18
0.52
48
铁道部
35.01
0.47
0.22
0.28
0.36
49
外交部
34.65
0.45
0.24
0.06
0.60
50
统计局
34.15
0.41
0.24
0.20
0.48
51
银监会
33.54
0.47
0.25
0.13
0.43
52
电监会
33.31
0.51
0.24
0.14
0.34
53
地震局
32.98
0.56
0.22
0.12
0.29
54
宗教局
31.62
0.40
0.20
0.16
0.47
55
司法部
28.10
0.45
0.12
0.10
0.36
56
外汇局
24.87
0.23
0.26
0.07
0.48
57
国家能源局
16.56
0.14
0.09
0.20
0.24