2013年政务移动APP专项评估结果
一、部委网站移动APP评估结果2013年政务移动APP专项评估中，税务总局、工商总局、林业局、外交部、气象局、交通运输部、地震局、质检总局、海关总署、统计局/文化部（并列第10）分列部委网站前十名，部委网站政务移动APP评估结果如下表所示：表 2013年部委网站移动APP评估结果
排名    部委                   基础建设    服务内容   服务功能  安全性检测   总分 1          税务总局           20                45                25                -8                  822          工商总局           20                45                28                -12                81 3          林业局               20                45                23                -10                783          外交部               20                35                35                -10                78             5          气象局               20                33                35                -12                766          交通运输部       20                30                31                -8                  737          地震局               20                25                35                -10                708         质检总局            20                33                23                -8                  689         海关总署            20                30                23                -10                6310       统计局                20                30                23                -12                6110       文化部                20                35                16                -10                6112       商务部                20                30                18                -8                  6013       发展改革委          5                30                33                -12                56二、省级政府网站移动APP评估结果2013年政务移动APP专项评估中，北京、甘肃、浙江、安徽、四川分列省级政府网站前五名，省级政府网站移动APP评估结果如下表所示：表 2013年省级政府网站移动APP评估结果
排名    省（市）           基础建设   服务内容   服务功能   安全性检测    总分 1          北京                   20                40                28                -8                  802           甘肃                   20                32                33                -12                732           浙江                   20                32                31                -10                733           安徽                   15                32                31                -10                685           四川                   20                30                28                -12                665           湖北                   20                30                28                -12                667           福建                   20                32                23                -10                658           新疆                   15                32                23                -12                589          上海                    15                27                23                -8                  5710         吉林                   5                  32                23                -10                50
三、副省级城市政府网站移动APP评估结果2013年政务移动APP专项评估中，深圳、厦门、青岛、济南、宁波分列副省级城市前五名，副省级城市政府网站移动APP评估结果如下表所示：表 2013年副省级城市政府网站移动APP评估结果
排名    副省级城市        基础建设   服务内容   服务功能   安全性检测    总分
1           深圳                   20                45                30                -12                83                   2           厦门                   20                32                26                -6                  723           青岛                   20                35                23                -8                  704           济南                   20                30                26                -8                  685           宁波                   15                30                33                -12                666           广州                   20                23                17                -10                50
四、省会城市政府网站移动APP评估结果2013年政务移动APP专项评估中，福州、长沙、济南、南昌、广州分列省会城市前五名，省会城市政府网站移动APP评估结果如下表所示：表 2013年省会城市政府网站移动APP评估结果
排名      省会城市          基础建设   服务内容   服务功能   安全性检测    总分
1            福州                  20                45                23                -12                762            长沙                  20                29                39                -10                723            济南                  20                30                26                -8                  684            南昌                  20                30                23                -10                635            广州                  20                23                17                -10                50五、地市政府网站移动APP评估结果2013年政务移动APP专项评估中，佛山、柳州、郴州、无锡、扬州分列地市前五名，地市政府网站移动APP评估结果如下表所示：表 2013年地市政府网站移动APP评估结果
排名      地市                 基础建设   服务内容   服务功能   安全性检测    总分
1            佛山                  20                45                30                -8                  872            柳州                  20                45                30                -10                853            郴州                  20                45                30                -12                834            无锡                  20                40                28                -8                  805            扬州                  15                43                29                -10                766            台州                  20                32                31                -8                  757            宿迁                  20                32                28                -10                708            渭南                  15                43                29                -12                699            常德                  20                32                29                -12                689            江门                  20                30                28                -10                6811          惠州                  20                32                23                -8                  6712          中山                  20                33                29                -12                6412          朔州                  20                33                23                -12                6412         哈密地区           20                25                31                -12                6415          宜春                  20                32                23                -12                63     15          马鞍山              15                35                23                -10                6315          南平                  15                40                16                -8                  6318          泉州                  15                35                23                -12                6119          石嘴山              15                32                23                -12                5820          凉山州              20                20                23                -8                  5521          常州                  20                15                23                -10                4822          唐山                  15                11                23                -10                3923          鹰潭                  15                7                  23                -10                3524          南通                  20                5                  0                  -12                1325          泰州                  20                0                  0                  -12                826          咸阳                  15                0                  0                  -10                5
六、区县政府网站移动APP评估结果2013年政务移动APP专项评估中，上海嘉定区、佛山禅城区、上海黄浦区、武汉武昌区/深圳坪山新区/北京大兴区（并列第4）位列前四名，区县政府网站移动APP评估结果如下表所示：表 2013年区县政府网站移动APP评估结果
排名    区县           所属省市           基础建设   服务内容   服务功能   总分
1         嘉定区        上海市               15               45               30               90                                    2         禅城区        佛山市               20               39               26               853         黄浦区        上海市               20               32               31               834         武昌区        武汉市               20               34               28               824         坪山新区    深圳市               20               32               30               824         大兴区        北京市               20               29               33               827         仪征市        扬州市               20               30               28               788         西城区        北京市               15               32               28               758         江北区        重庆市               20               39               16               7510       东兴市        防城港市           20               30               23               7311       思明区        厦门市               20               27               23               7012       福田区        深圳市               20               17               31               6812       闽清县        福州市               15               20               33               6814       罗湖区        深圳市               20               22               23               6515       东城区        北京市               20               20               23               6315       鼓楼区        南京市               15               25               23               6317       顺德区        佛山市               20               10               25               5518       张家港市    苏州市               20               5                 28               53