2017年第四季度全国政府网站抽查情况通报
为深入贯彻党的十九大精神和习近平新时代中国特色社会主义思想，落实《国务院办公厅关于印发政府网站发展指引的通知》（国办发〔2017〕47号，以下简称《指引》），不断提升政府网站管理水平和政务服务能力，按照工作安排，国务院办公厅政府信息与政务公开办公室近期组织开展了2017年第四季度全国政府网站抽查。现将有关情况通报如下：
一、总体情况
截至2017年12月1日，全国正在运行的政府网站24820家。其中，国务院部门及其内设、垂直管理机构政府网站1961家，省级政府门户网站32家，省级政府部门网站2435家，市级政府门户网站541家，市级政府部门网站14611家，县级政府门户网站2748家，县级以下政府网站2492家。
第四季度，国务院办公厅政府信息与政务公开办公室随机人工抽查各地区和国务院部门政府网站460个，总体合格率95%。其中，北京等19个地区政府网站抽查合格率为100%；北京、天津、海南、新疆生产建设兵团连续四个季度抽查合格率达100%。各地区和71个国务院部门共抽查本地区、本部门政府网站12336个，占运行政府网站总数的50%，总体合格率96%。经抽样复核，地区和部门抽查情况整体真实准确，抽查情况和问题网站名单已在中国政府网公开。
第四季度，各地区、各部门继续做好对不合格政府网站责任单位和人员的问责工作，116名有关责任人被上级主管单位约谈，17人作出书面检查，52人被通报批评，2人被调离岗位或免职。此外，“我为政府网站找错”平台收到网民有效留言14208条，总体办结率达99%。内蒙古、上海、湖南、公安部、环境保护部等25个地区和部门留言按期办结率达100%。
2017年，各地区、各部门全面贯彻《指引》要求，强化对全国各级政府网站的监管，共检查政府网站43139个，基本覆盖全国正常运行政府网站。全国累计整合迁移无力维护的政府网站21513个，减幅达46%，其中，县级以下基层政府网站减少18318个，减幅达88%。共有625名不合格网站责任人被问责。十九大期间，各地区、各部门加强值守，及时处置，确保政府网站运行安全。
二、主要问题
（一）部分网站建设管理不规范。一是一些政府网站域名及相关标识未按《指引》要求规范。如辽宁省“锦州市文化广电新闻出版局”网、广西壮族自治区梧州市“梧州食品药品检验所”网网站域名仍以“.com”为后缀。河南省“汝州市教育体育局”网、陕西省西安市“西安服务外包”网等网站网页底部功能区未列明党政机关网站标识、网站标识码、ICP备案编号和公安机关备案标识。二是瞒报漏报现象依然存在。如“内蒙古自治区公共资源交易网”、山西省“汾阳市国土资源局”网均未在全国政府网站信息报送系统中填报，并存在大量空白栏目。
（二）个别网站问题整改不彻底。重庆市“城口县城乡建设委员会”网、西藏自治区山南市“山南教育网”被通报后仍然存在突出问题，站点长期无法访问。河北省“保定市民政局”网十余个栏目以旧稿重发方式“假整改”，存在弄虚作假、敷衍搪塞的现象。黑龙江省“讷河市国土资源局”网、江西省“永修县林业局”网在全国政府网站信息报送系统中标识为“永久下线”，但网站仍在运行。吉林省“汪清县人民政府”网整合了县人民防空办公室、工业集中区管理委员会、农机管理总站网站，但未会同三家单位做好内容保障，有关信息长期不更新。
（三）一些网站互动交流不顺畅。一是部分政府网站未按《指引》要求开展互动交流。如山东省“淄博市审计局”网、西藏自治区“林芝市国土资源局”网未开设互动交流栏目，湖北省“随州市公共资源交易中心”网“咨询投诉”栏目公开的内容为无效信息。二是一些政府网站不重视“我为政府网站找错”工作。部分网站未能规范添加“我为政府网站找错”监督举报平台入口，如吉林省“梅河口市环保局”网以静态图片代替平台入口，河南省“睢县人民政府”网添加的平台入口地址错误。部分网站处理“我为政府网站找错”平台网民留言不及时，证监会、国家公务员局网民留言办结率低于70%。
（四）少数网站安全保障不到位。中央电视台“东方时空”栏目曝光，广东省汕尾市“汕尾教育信息网”办事指南栏目下“广东省教师资格认定管理申请程序”页面被篡改为虚假证书查询入口。此外，一些网站被举报为假冒政府网站，长期提供虚假证书查询，对群众利益造成危害，有关地方未做有效处理。
三、下一步工作要求
各地区、各部门要全面落实《指引》要求，进一步加强政府网站监管，提升网上服务能力。
（一）加强常态化监管，推进网站规范建设。各地区、各部门要完善政府网站监管机制，持续做好抽查通报工作，确保问题网站整改到位。按规范按时限公开《政府网站监管年度报表》和《政府网站工作年度报表》。做好政府网站查遗补漏工作，将各级各类政府网站纳入全国政府网站信息报送系统统一管理。进一步规范政府网站名称、域名和网站标识添加工作等。认真做好问题网站整合迁移工作，杜绝随意下线、“假整合”等问题。
（二）重视留言办理，提升网站互动水平。各级各类政府网站要规范添加“我为政府网站找错”监督举报平台入口，及时办理和回复网民留言，做到件件有落实，事事有回音。畅通政民互动渠道，办好解读回应、互动交流等栏目，让各级政府网站成为了解民意吸取民智的新通道、为民解忧的新平台、接受人民监督的新途径。
（三）完善保障机制，确保网站安全可靠。各地区、各部门要完善网站安全保障机制，全面排查风险隐患，做好防攻击、防篡改、防病毒等工作，确保各级各类政府网站安全可靠。建立健全用户信息保护制度，明示收集、使用用户信息的目的、规则、方式和范围，并采取必要措施，确保收集的个人信息安全。要第一时间处置涉及本地区、本部门的假冒政府网站，维护政府网站良好形象，提升政府公信力。
各地区、各部门请于3月20日前将2018年第一季度网站抽查情况书面报送国务院办公厅政府信息与政务公开办公室。对本次通报的问题网站，各有关地区和部门要采取有力措施进行整改，整改情况与抽查情况一并报送。
附件：1.2017年第四季度各地区、各部门政府网站监管工作情况
2.各地区政府网站运行和抽查情况
3.国务院部门及其内设、垂直管理机构政府网站运行和抽查情况
4.抽查发现存在突出问题的政府网站名单
2018年1月26日
（本文有删减）
附件1
2017年第四季度各地区、各部门
政府网站监管工作情况
工 作 情 况
省（区、市）/部门
第四季度总体抽查合格率
达到100%
北京、天津、上海、江苏、浙江、安徽、江西、山东、湖南、广西、海南、四川、贵州、云南、陕西、甘肃、青海、新疆、新疆生产建设兵团
低于90%
河北、内蒙古、吉林、福建、重庆、西藏、宁夏
连续四个季度抽查合格率达到100%
北京、天津、海南、新疆生产建设兵团
第四季度上报抽查网站比例（注：各地区、垂直管理部门）
达到100%
北京、山西
高于运行网站总数70%
山东、广东、海南、陕西、烟草局
“我为政府网站找错”网民留言
按期办结率达到100%
内蒙古、上海、湖南、公安部、环境保护部、水利部、文化部、税务总局、体育总局、林业局、侨办、法制办、中科院、工程院、地震局、气象局、银监会、保监会、自然科学基金会、信访局、能源局、烟草局、海洋局、外汇局、南水北调办
附件2
各地区政府网站运行和抽查情况
序 号
省（区、市）
运行网站总数
省级政府
网站数
市级政府
网站数
县级及以下
政府网站数
抽查网站数
抽查存在突出问题的网站数
门户
部门
门户
部门
县级门户
县级以下
1
北京
1046
1
208
17
820
0
0
14
0
2
天津
220
1
56
19
144
0
0
5
0
3
河北
732
1
64
17
401
163
86
11
4
4
山西
493
1
59
11
303
114
5
10
1
5
内蒙古
664
1
62
15
484
102
0
10
2
6
辽宁
815
1
78
16
593
102
25
12
1
7
吉林
490
1
67
11
286
57
68
8
1
8
黑龙江
569
1
60
17
357
124
10
10
1
9
上海
649
1
86
16
546
0
0
9
0
10
江苏
865
1
68
14
671
96
15
12
0
11
浙江
1080
1
103
12
546
97
321
13
0
12
安徽
985
1
77
23
722
98
64
13
0
13
福建
592
1
53
10
400
83
45
9
1
14
江西
733
1
63
11
490
99
69
10
0
15
山东
1266
1
83
18
952
148
64
16
0
16
河南
1594
1
85
30
849
174
455
17
1
17
湖北
846
1
87
18
621
102
17
13
1
18
湖南
762
1
70
17
551
121
2
12
0
19
广东
1699
1
132
27
1001
135
403
20
1
20
广西
1344
1
117
19
571
116
520
15
0
21
海南
162
1
50
22
83
4
2
6
0
22
重庆
541
1
82
39
419
0
0
9
2
23
四川
1171
1
83
27
846
180
34
15
0
24
贵州
527
1
97
13
265
88
63
8
0
25
云南
495
1
57
17
277
122
21
9
0
26
西藏
169
1
39
5
42
72
10
8
2
27
陕西
774
1
81
17
530
111
34
12
0
28
甘肃
711
1
48
15
479
87
81
10
0
29
青海
214
1
57
10
86
41
19
6
0
30
宁夏
252
1
62
6
110
21
52
7
1
31
新疆
200
1
60
18
23
91
7
6
0
32
新疆生产建设兵团
199
1
41
14
143
0
0
5
0
合　　计
22859
32
2435
541
14611
2748
2492
340
19
注：运行网站数据取自全国政府网站信息报送系统2017年12月1日的数据。
附件3
国务院部门及其内设、垂直管理机构
政府网站运行和抽查情况
序号
部门
运行网站总数
国务院部门门户网站数
内设、垂直管理机构网站数
抽查网站数
抽查存在突出问题的网站数
1
外交部
9
1
8
2
1
2
发展改革委
7
1
6
2
0
3
教育部
49
1
48
2
0
4
科技部
8
1
7
2
0
5
工业和信息化部
44
1
43
2
0
6
国家民委
14
1
13
2
0
7
公安部
20
1
19
2
0
8
民政部
8
1
7
2
0
9
司法部
2
1
1
2
0
10
财政部
2
1
1
2
0
11
人力资源社会保障部
9
1
8
2
0
12
国土资源部
2
1
1
2
0
13
环境保护部
10
1
9
2
0
14
住房城乡建设部
7
1
6
2
1
15
交通运输部
22
1
21
2
0
16
水利部
22
1
21
2
0
17
农业部
14
1
13
2
0
18
商务部
8
1
7
2
0
19
文化部
4
1
3
2
0
20
卫生计生委
7
1
6
2
0
21
人民银行
3
1
2
2
1
22
审计署
1
1
0
1
0
23
国资委
4
1
3
2
0
24
海关总署
45
1
44
2
0
25
税务总局
510
1
509
4
0
26
工商总局
14
1
13
2
0
27
质检总局
252
1
251
3
0
28
新闻出版广电总局
4
1
3
1
0
29
体育总局
2
1
1
2
0
30
安全监管总局
23
1
22
2
0
31
食品药品监管总局
1
1
0
1
0
32
统计局
38
1
37
2
0
33
林业局
12
1
11
2
0
34
知识产权局
6
1
5
2
0
35
旅游局
1
1
0
1
0
36
宗教局
1
1
0
1
0
37
参事室
1
1
0
1
0
38
国管局
3
1
2
2
0
39
侨办
1
1
0
1
0
40
港澳办
1
1
0
1
0
41
法制办
1
1
0
1
0
42
中科院
33
1
32
2
0
43
社科院
2
1
1
2
0
44
工程院
1
1
0
1
0
45
发展研究中心
1
1
0
1
0
46
行政学院
2
1
1
1
0
47
地震局
31
1
30
2
0
48
气象局
129
1
128
2
0
49
银监会
1
1
0
1
0
50
证监会
1
1
0
1
0
51
保监会
42
1
41
2
0
52
社保基金会
1
1
0
1
0
53
自然科学基金会
1
1
0
1
0
54
信访局
1
1
0
1
0
55
粮食局
1
1
0
1
0
56
能源局
20
1
19
2
0
57
国防科工局
3
1
2
2
0
58
烟草局
58
1
57
2
0
59
外专局
2
1
1
1
0
60
公务员局
1
1
0
1
0
61
海洋局
15
1
14
2
0
62
测绘地信局
5
1
4
2
0
63
铁路局
1
1
0
1
0
64
民航局
8
1
7
2
0
65
邮政局
367
1
366
3
0
66
文物局
1
1
0
1
0
67
中医药局
1
1
0
1
0
68
外汇局
37
1
36
2
0
69
扶贫办
1
1
0
1
0
70
三峡办
1
1
0
1
0
71
南水北调办
1
1
0
1
0
合      计
1961
71
1890
120
3
注：运行网站数据取自全国政府网站信息报送系统2017年12月1日的数据。
附件4
抽查发现存在突出问题的政府网站名单
序号
省（区、市）/部门
网站名称
存在的突出问题
网站标识码
1
河北
“井陉县人民政府”网
多个栏目为空白
1301210001
2
河北
“涉县人民政府”网
多个栏目长期不更新
1304260001
3
河北
“沧州市环境保护局”网
多个栏目长期不更新
1309000030
4
河北
“衡水市民政局”网
多个栏目长期不更新
1311000032
5
山西
沁源县“中国·沁源”网
办事服务多个栏目为空白
1404310003
6
内蒙古
“呼和浩特市规划局”网
多个栏目为空白
1501000005
7
内蒙古
“赤峰市巴林左旗人民政府”网
多个栏目为空白
1504220024
8
辽宁
“中国（辽宁）自由贸易试验区大连片区”网
多个栏目为空白
2102900001
9
吉林
“汪清县人民政府”网
多个栏目为空白
2224240008
10
黑龙江
“伊春市行政服务和公共资源交易平台”网
多个栏目为空白
2307000027
11
福建
“南平市文化广电新闻出版局”网
多个栏目为空白
3507000026
12
河南
许昌市“魏都区行政服务中心”网
办事服务多个栏目为空白
4110020013
13
湖北
“黄冈市旅游发展委员会”网
站点长期无法访问
4211000057
14
广东
韶关市“武江教育信息网”
多个栏目长期不更新
4402030003
15
重庆
“城口县城乡建设委员会”网
站点长期无法访问
5002290006
16
重庆
“重庆开州浦里工业新区”网
多个栏目为空白
5002340016
17
西藏
“拉萨市科学技术局”网
首页面长时间未更新
5401000002
18
西藏
山南市“山南教育网”
站点长期无法访问
5422000021
19
宁夏
“同心县公安局”网
多个栏目为空白
6403240005
20
外交部
“中国—拉共体论坛”网
多个栏目为空白
bm02000003
21
住房城乡建设部
“国家风景名胜区监管信息系统网络平台”网
站点长期无法访问
bm18000005
22
人民银行
“中国反洗钱监测分析中心”网
首页面长时间未更新
bm25000037
注：抽查采样时间为2017年12月1日至2018年1月10日。