中国省区城市政府门户网站综合排行
排名
省区名称
城市数量
空缺政网数量
空缺比例（%）
EGU(%)
OSA(%)
OAA(%)
EGR(%)
1
山东省
17
0
0
5.3
50.9
47.6
50.2
2
广东省
21
0
0
9.4
50.2
47.4
49.7
3
浙江省
11
0
0
8.8
49.2
50.2
49.4
4
江苏省
13
0
0
8.1
49.1
49.2
49.1
5
江西省
11
0
0
6.4
49.7
42.5
48.3
6
海南省
2
0
0
3
47
48
47.2
7
福建省
9
0
0
9.8
47.8
41.2
46.5
8
辽宁省
14
0
0
11.5
46.4
45.2
46.1
9
吉林省
9
0
0
11.8
43.7
44.2
43.8
10
黑龙江
13
0
0
11.3
42.1
40
41.7
11
河北省
11
0
0
11
40.1
46.4
41.4
12
河南省
17
0
0
10
40.3
38.3
39.9
13
安徽省
17
0
0
5.7
39.9
38.2
39.6
14
湖南省
14
1
7.1
13.5
38.8
38.5
38.7
15
山西省
11
1
9.1
13.9
35.3
39.9
36.2
16
广西区
14
3
21.4
19.3
36.1
33.1
35.5
17
四川省
21
4
19
19.7
35.2
35.1
35.2
18
湖北省
13
2
15.4
17.6
35
34
34.8
19
内蒙古
12
1
8.3
12.7
33.5
35.9
34
20
新疆区
14
2
14.3
14.5
33.4
30.5
32.8
21
陕西省
10
0
0
3.1
31.7
32.3
31.8
22
贵州省
9
1
11.1
13.5
31.2
30.8
31.1
23
云南省
16
3
18.8
16.6
30.5
30.3
30.5
24
宁夏区
4
1
25
18.1
27.8
27.8
27.8
25
甘肃省
14
3
21.4
15
26.6
27.4
26.8
26
青海省
8
4
50
15.2
14.6
15.1
14.7
27
西藏区
7
7
100
—
0
0
0