中国36个重点城市门户网站排行
中国36个重点城市门户网站排行
名次
城市
所在省区
OSA（%）
OAA（%）
EGR（%）
省区内部排名
总排名
1
北京市
北京市
74
70
73.2
1
1
2
上海市
上海市
72
70
71.6
1
2
3
大连市
辽宁省
70
74
70.8
1
3
4
南京市
江苏省
70
67
69.4
1
4
5
杭州市
浙江省
68
71
68.6
1
5
6
广州市
广东省
68
62
66.8
1
6
7
长春市
吉林省
67
62
66
1
7
8
哈尔滨市
黑龙江
63
62
62.8
1
8
9
武汉市
湖北省
64
55
62.2
1
10
10
成都市
四川省
62
62
62
1
11
11
深圳市
广东省
61
55
59.8
4
14
12
济南市
山东省
59
57
58.6
2
17
13
沈阳市
辽宁省
59
44
56
4
22
14
天津市
天津市
57
51
55.8
1
23
15
青岛市
山东省
55
56
55.2
3
28
16
厦门市
福建省
56
52
55.2
2
28
17
重庆市
重庆市
56
45
53.8
1
39
18
太原市
山西省
52
47
51
2
57
19
贵阳市
贵州省
52
44
50.4
1
67
20
石家庄市
河北省
48
59
50.2
1
71
21
南宁市
广西区
50
47
49.4
3
83
22
南昌市
江西省
50
44
48.8
6
87
23
乌鲁木齐市
新疆区
50
42
48.4
1
92
24
宁波市
浙江省
47
47
47
8
111
25
昆明市
云南省
48
34
45.2
3
126
26
呼和浩特市
内蒙古
44
48
44.8
1
127
27
海口市
海南省
44
45
44.2
2
137
28
合肥市
安徽省
44
41
43.4
6
148
28
郑州市
河南省
44
41
43.4
6
148
30
福州市
福建省
43
43
43
6
159
31
银川市
宁夏区
41
40
40.8
2
179
32
西宁市
青海省
37
37
37
1
203
33
西安市
陕西省
37
33
36.2
1
213
34
长沙市
湖南省
22
30
23.6
13
294
35
兰州市
甘肃省
22
22
22
11
296
36
拉萨市
西藏区
0
0
0
-1
-1