第十五届中国政府网站区县级网站评估结果
区县政府网站评估结果
第十五届中国政府网站绩效评估中，深圳罗湖区、厦门思明区、佛山禅城区、深圳福田区、北京大兴区/青岛崂山区（并列第5）、北京西城区、佛山顺德区、武汉武昌区、扬州仪征市、上海静安区位列区县政府网站前10名。区县政府网站评估结果前100名如下表所示。
排名
名称
所属
省市
政务公开指数
政务服务指数
互动交流指数
日常保障指数
功能与影响力指数
优秀创新案例指数
总分
1
罗湖区
深圳市
0.68
0.80
0.71
0.74
0.85
0.40
80.7
2
思明区
厦门市
0.73
0.77
0.71
0.81
0.70
0.40
80.0
3
禅城区
佛山市
0.66
0.72
0.65
0.75
0.66
0.90
79.5
4
福田区
深圳市
0.73
0.76
0.72
0.78
0.84
0.35
79.4
5
大兴区
北京市
0.62
0.81
0.71
0.70
0.63
0.40
78.4
5
崂山区
青岛市
0.73
0.71
0.69
0.71
0.76
0.70
78.4
6
西城区
北京市
0.73
0.75
0.63
0.75
0.78
0.40
77.7
7
顺德区
佛山市
0.72
0.74
0.63
0.76
0.85
0.29
76.5
8
武昌区
武汉市
0.72
0.75
0.61
0.73
0.66
0.35
75.8
9
仪征市
扬州市
0.71
0.63
0.67
0.66
0.60
0.96
74.5
10
静安区
上海市
0.74
0.66
0.66
0.82
0.83
0.25
73.1
11
鼓楼区
福州市
0.71
0.72
0.66
0.76
0.65
0.15
72.9
12
南山区
深圳市
0.66
0.69
0.71
0.74
0.59
0.34
72.3
13
东城区
北京市
0.61
0.73
0.71
0.73
0.68
0.15
72.2
14
未央区
西安市
0.62
0.65
0.67
0.77
0.50
0.60
71.7
15
翔安区
厦门市
0.66
0.70
0.61
0.78
0.67
0.15
71.0
16
余姚市
宁波市
0.53
0.68
0.67
0.76
0.68
0.40
70.9
17
余杭区
杭州市
0.62
0.69
0.61
0.79
0.60
0.25
70.6
18
顺义区
北京市
0.66
0.66
0.71
0.73
0.89
0.15
70.4
19
海淀区
北京市
0.72
0.69
0.57
0.74
0.66
0.15
70.3
20
集美区
厦门市
0.70
0.62
0.64
0.77
0.77
0.35
70.1
21
龙岗区
深圳市
0.64
0.71
0.67
0.74
0.27
0.25
69.9
22
寿光市
潍坊市
0.70
0.61
0.61
0.72
0.41
0.70
69.8
23
湖里区
厦门市
0.62
0.62
0.71
0.80
0.62
0.40
69.6
24
武侯区
成都市
0.74
0.55
0.65
0.73
0.87
0.60
69.5
25
市北区
青岛市
0.72
0.61
0.66
0.62
0.63
0.60
69.4
26
北仑区
宁波市
0.73
0.57
0.71
0.76
0.68
0.48
69.1
26
雁塔区
西安市
0.62
0.64
0.75
0.75
0.83
0.15
69.1
27
市南区
青岛市
0.70
0.63
0.63
0.72
0.53
0.40
68.8
28
宝山区
上海市
0.62
0.67
0.60
0.82
0.56
0.15
68.6
28
朝阳区
北京市
0.59
0.65
0.67
0.76
0.84
0.15
68.6
29
城阳区
青岛市
0.75
0.60
0.62
0.65
0.57
0.55
68.5
30
东西湖区
武汉市
0.72
0.57
0.75
0.80
0.93
0.15
68.2
31
道外区
哈尔滨市
0.70
0.68
0.67
0.71
0.32
0.15
68.0
32
天心区
长沙市
0.74
0.64
0.71
0.76
0.35
0.15
67.8
33
金牛区
成都市
0.56
0.63
0.64
0.75
0.82
0.25
67.5
34
越秀区
广州市
0.57
0.64
0.61
0.83
0.66
0.18
67.4
35
虹口区
上海市
0.64
0.63
0.61
0.74
0.83
0.15
67.3
36
新都区
成都市
0.52
0.58
0.63
0.69
0.68
0.72
67.1
37
宝安区
深圳市
0.66
0.57
0.69
0.82
0.70
0.29
67.0
38
鄞州区
宁波市
0.59
0.68
0.68
0.77
0.13
0.22
66.9
39
长沙县
长沙市
0.59
0.70
0.61
0.73
0.27
0.15
66.8
39
郫都区
成都市
0.62
0.62
0.54
0.71
0.33
0.60
66.8
40
昌平区
北京市
0.59
0.61
0.61
0.78
0.93
0.15
66.7
41
黄浦区
上海市
0.60
0.62
0.62
0.76
0.83
0.15
66.6
42
丰台区
北京市
0.72
0.57
0.71
0.73
0.75
0.23
66.4
43
花都区
广州市
0.57
0.62
0.70
0.77
0.60
0.21
66.3
44
江北区
宁波市
0.56
0.63
0.71
0.77
0.61
0.15
66.2
45
溧水区
南京市
0.75
0.61
0.71
0.68
0.39
0.21
65.9
46
长宁区
上海市
0.63
0.61
0.66
0.83
0.48
0.15
65.8
47
长安区
西安市
0.57
0.68
0.67
0.70
0.13
0.22
65.5
48
台江区
福州市
0.59
0.58
0.61
0.77
0.81
0.25
65.2
49
硚口区
武汉市
0.42
0.66
0.65
0.75
0.55
0.21
65.1
50
章丘区
济南市
0.62
0.57
0.68
0.72
0.74
0.29
65.0
51
江岸区
武汉市
0.52
0.64
0.71
0.79
0.26
0.19
64.8
52
嘉定区
上海市
0.62
0.61
0.63
0.78
0.40
0.21
64.7
53
莲湖区
西安市
0.55
0.68
0.49
0.75
0.23
0.21
64.6
54
同安区
厦门市
0.58
0.60
0.65
0.74
0.30
0.40
64.5
55
青浦区
上海市
0.60
0.66
0.67
0.70
0.10
0.19
64.3
56
青白江区
成都市
0.63
0.59
0.63
0.74
0.58
0.20
64.2
57
通河县
哈尔滨市
0.62
0.57
0.61
0.77
0.72
0.20
64.1
58
黄岛区
青岛市
0.68
0.59
0.60
0.79
0.43
0.15
64.0
59
锦江区
成都市
0.75
0.60
0.68
0.68
0.22
0.19
63.9
60
海曙区
宁波市
0.68
0.54
0.62
0.78
0.84
0.15
63.8
61
市中区
济南市
0.66
0.54
0.71
0.74
0.83
0.15
63.7
62
建德市
杭州市
0.66
0.60
0.53
0.80
0.30
0.22
63.6
63
瑶海区
合肥市
0.58
0.61
0.67
0.78
0.30
0.16
63.4
64
武冈市
邵阳市
0.59
0.58
0.63
0.77
0.61
0.15
63.2
65
海沧区
厦门市
0.66
0.58
0.61
0.80
0.33
0.18
63.1
66
高新区（滨江区）
杭州市
0.59
0.59
0.61
0.61
0.86
0.19
63.0
67
西湖区
南昌市
0.58
0.62
0.60
0.74
0.20
0.23
62.8
68
萧山区
杭州市
0.55
0.52
0.67
0.79
0.84
0.25
62.4
69
平度市
青岛市
0.56
0.50
0.52
0.70
0.53
0.80
62.3
70
济阳县
济南市
0.62
0.59
0.63
0.83
0.13
0.15
62.2
71
龙华区
深圳市
0.58
0.58
0.61
0.76
0.52
0.15
62.1
72
成华区
成都市
0.58
0.55
0.69
0.71
0.58
0.24
61.8
73
鹿寨县
柳州市
0.61
0.52
0.70
0.77
0.27
0.40
61.4
74
双流区
成都市
0.46
0.56
0.61
0.83
0.66
0.15
61.2
75
平谷区
北京市
0.60
0.54
0.75
0.76
0.42
0.15
61.1
76
李沧区
青岛市
0.69
0.54
0.65
0.62
0.43
0.30
60.9
77
荔湾区
广州市
0.65
0.53
0.50
0.77
0.40
0.35
60.8
78
胶州市
青岛市
0.65
0.47
0.55
0.82
0.85
0.26
60.6
79
浦口区
南京市
0.46
0.61
0.51
0.76
0.45
0.15
60.5
80
蜀山区
合肥市
0.56
0.58
0.61
0.74
0.18
0.23
60.3
81
道里区
哈尔滨市
0.69
0.46
0.61
0.75
0.61
0.40
60.2
81
通州区
北京市
0.65
0.46
0.71
0.75
0.82
0.23
60.2
82
番禺区
广州市
0.65
0.51
0.66
0.76
0.45
0.21
60.1
83
文昌市
海南省
0.54
0.51
0.71
0.76
0.39
0.34
59.9
84
鼓楼区
南京市
0.57
0.57
0.62
0.74
0.18
0.17
59.4
85
都江堰市
成都市
0.62
0.41
0.65
0.62
0.54
0.88
59.3
86
即墨市
青岛市
0.65
0.54
0.67
0.73
0.18
0.15
59.1
87
奉贤区
上海市
0.64
0.46
0.71
0.78
0.60
0.18
58.6
88
邛崃市
成都市
0.70
0.50
0.62
0.76
0.17
0.15
57.6
89
仓山区
福州市
0.66
0.47
0.71
0.77
0.32
0.15
57.4
90
徐汇区
上海市
0.57
0.46
0.71
0.79
0.38
0.23
56.9
91
舒城县
六安市
0.66
0.44
0.64
0.74
0.35
0.35
56.8
91
南谯区
滁州市
0.61
0.43
0.64
0.55
0.49
0.68
56.8
92
新民市
沈阳市
0.69
0.44
0.65
0.73
0.27
0.35
56.7
93
西湖区
杭州市
0.60
0.47
0.71
0.66
0.42
0.24
56.3
94
南明区
贵阳市
0.55
0.49
0.49
0.74
0.52
0.23
56.1
95
闵行区
上海市
0.65
0.44
0.59
0.76
0.62
0.15
56.0
96
安乡县
常德市
0.54
0.47
0.61
0.75
0.31
0.17
54.4
97
三水区
佛山市
0.51
0.41
0.61
0.65
0.35
0.65
54.2
98
金安区
六安市
0.45
0.45
0.46
0.75
0.48
0.40
53.8
99
江北区
重庆市
0.48
0.46
0.61
0.80
0.10
0.23
53.0
100
黄埔区
广州市
0.47
0.46
0.61
0.80
0.11
0.15
52.2
（备注：100名以后的网站如需了解具体名次，请与评估工作组联系。）