第十五届中国政府网站省级网站评估结果
省级政府网站评估结果
第十五届中国政府网站绩效评估中，北京、上海/广东（并列第2）、四川、浙江、福建、湖北/海南（并列第6）、安徽、江苏/湖南（并列第8）、江西、广西位列省级政府网站前10名。省级政府网站评估结果前20名如下表所示。
排名
名称
政务公开指数
政务服务指数
互动交流指数
日常保障指数
功能与影响力指数
优秀创新案例指数
总分
1
北京
0.77
0.73
0.89
0.97
0.90
0.97
89.5
2
上海
0.86
0.82
0.79
0.93
0.90
0.34
88.0
2
广东
0.86
0.82
0.77
0.73
0.70
0.76
88.0
3
四川
0.89
0.75
0.77
0.73
0.90
0.80
86.6
4
浙江
0.93
0.86
0.87
0.67
0.65
0.25
85.7
5
福建
0.62
0.78
0.81
0.73
0.90
0.95
84.7
6
湖北
0.89
0.73
0.83
0.67
0.70
0.78
83.5
6
海南
0.78
0.70
0.71
0.87
0.90
0.80
83.5
7
安徽
0.79
0.73
0.71
0.67
0.75
0.93
82.3
8
江苏
0.69
0.70
0.93
0.73
0.80
0.75
80.7
8
湖南
0.77
0.77
0.79
0.73
0.95
0.29
80.7
9
江西
0.70
0.67
0.85
0.73
0.70
0.80
78.7
10
广西
0.65
0.68
0.53
0.73
0.90
0.90
77.2
11
贵州
0.71
0.68
0.73
0.67
0.80
0.65
76.2
12
内蒙古
0.80
0.71
0.69
0.67
0.80
0.21
74.2
13
河北
0.65
0.70
0.87
0.67
0.75
0.22
72.9
14
陕西
0.81
0.64
0.71
0.73
0.60
0.22
71.2
15
山东
0.81
0.53
0.89
0.73
0.85
0.36
70.4
16
山西
0.69
0.57
0.67
0.73
0.80
0.60
70.2
16
云南
0.73
0.65
0.53
0.73
0.75
0.30
70.2
17
甘肃
0.70
0.56
0.77
0.67
0.50
0.75
69.4
18
天津
0.85
0.60
0.77
0.47
0.70
0.23
67.5
19
辽宁
0.81
0.47
0.59
0.93
0.70
0.25
65.7
20
重庆
0.65
0.54
0.71
0.73
0.70
0.22
63.9
（备注：20名以后的网站如需了解具体名次，请与评估工作组联系。）