第十五届中国政府网站地市级网站评估结果
第十五届中国政府网站绩效评估中，佛山市、苏州市、柳州市、宿迁市/无锡市（并列第4）、潍坊市/凉山州（并列第5）、镇江市、南平市、六安市、攀枝花市、宁德市位列地市政府网站前10名。地市政府网站评估结果前100名如下表所示。
排名
名称
政务公开指数
政务服务指数
互动交流指数
日常保障指数
功能与影响力指数
优秀创新案例指数
总分
1
佛山市
0.87
0.89
0.84
0.93
0.70
0.40
91.8
2
苏州市
0.71
0.81
0.76
0.93
0.70
0.96
89.6
3
柳州市
0.66
0.75
0.86
0.93
0.80
0.97
87.3
4
宿迁市
0.81
0.77
0.81
0.93
0.79
0.56
86.1
4
无锡市
0.88
0.72
0.88
0.87
0.50
0.91
86.1
5
潍坊市
0.83
0.76
0.86
0.87
0.65
0.65
85.8
5
凉山州
0.87
0.71
0.79
0.93
0.75
0.80
85.8
6
镇江市
0.52
0.75
0.88
0.93
0.80
0.70
82.9
7
南平市
0.72
0.81
0.84
0.73
0.80
0.35
82.2
8
六安市
0.82
0.71
0.83
0.93
0.90
0.35
82.0
9
攀枝花市
0.62
0.72
0.83
0.93
0.60
0.70
81.1
10
宁德市
0.74
0.70
0.83
0.80
0.90
0.60
80.8
11
郴州市
0.88
0.68
0.88
0.93
0.85
0.26
80.4
12
温州市
0.67
0.77
0.83
0.87
0.75
0.22
79.8
13
宜昌市
0.82
0.72
0.78
0.93
0.85
0.12
79.4
14
中山市
0.77
0.70
0.83
0.93
0.75
0.29
79.0
15
鄂尔多斯市
0.76
0.74
0.84
0.80
0.65
0.29
78.3
16
龙岩市
0.68
0.73
0.83
0.93
0.80
0.17
78.2
17
威海市
0.76
0.70
0.79
0.93
0.85
0.18
78.1
18
马鞍山
0.84
0.53
0.82
0.87
0.90
0.94
77.5
19
扬州市
0.76
0.66
0.73
0.93
0.90
0.28
76.8
20
江门市
0.75
0.62
0.73
0.93
0.50
0.70
76.2
21
汕头市
0.75
0.66
0.83
0.87
0.70
0.35
75.9
22
泰州市
0.82
0.54
0.80
0.93
0.90
0.65
75.4
23
六盘水市
0.86
0.62
0.84
0.93
0.85
0.12
75.3
24
南通市
0.78
0.66
0.83
0.87
0.60
0.28
75.0
25
泉州市
0.81
0.65
0.83
0.93
0.60
0.12
74.8
26
盐城市
0.83
0.58
0.88
0.93
0.80
0.25
74.3
27
咸阳市
0.81
0.61
0.83
0.87
0.90
0.22
73.9
28
渭南市
0.84
0.58
0.88
0.93
0.90
0.15
73.7
29
长治市
0.82
0.58
0.88
0.93
0.70
0.28
73.5
30
丽水市
0.76
0.59
0.83
0.93
0.85
0.19
72.9
31
常州市
0.84
0.59
0.83
0.87
0.80
0.15
72.6
32
十堰市
0.82
0.58
0.88
0.87
0.55
0.35
72.5
33
襄阳市
0.85
0.62
0.88
0.67
0.90
0.17
72.3
34
惠州市
0.75
0.62
0.86
0.93
0.50
0.12
71.9
35
珠海市
0.78
0.56
0.88
0.93
0.60
0.29
71.5
36
荆门市
0.88
0.54
0.87
0.93
0.75
0.17
71.4
37
徐州市
0.84
0.56
0.88
0.87
0.65
0.18
70.7
38
三明市
0.70
0.50
0.83
0.93
0.60
0.68
70.4
39
鹰潭市
0.69
0.47
0.86
0.83
0.80
0.85
70.2
40
朔州市
0.85
0.46
0.86
0.93
0.80
0.40
69.6
41
晋城市
0.69
0.55
0.88
0.87
0.90
0.22
69.5
42
连云港市
0.78
0.60
0.73
0.87
0.30
0.26
69.0
43
嘉兴市
0.72
0.57
0.85
0.93
0.55
0.15
68.8
44
赣州市
0.72
0.58
0.83
0.93
0.35
0.17
68.5
45
莆田市
0.68
0.63
0.83
0.73
0.60
0.11
68.2
46
鹤壁市
0.82
0.57
0.83
0.87
0.20
0.21
68.0
47
玉林市
0.82
0.57
0.78
0.93
0.30
0.10
67.9
48
东营市
0.63
0.56
0.83
0.87
0.65
0.26
67.6
49
唐山市
0.35
0.62
0.80
0.87
0.90
0.28
67.5
50
肇庆市
0.83
0.51
0.73
0.93
0.75
0.15
67.4
51
衡阳市
0.85
0.58
0.88
0.67
0.45
0.14
67.3
52
常德市
0.76
0.50
0.88
0.93
0.70
0.14
67.1
53
新余市
0.52
0.59
0.86
0.93
0.40
0.23
66.9
54
鄂州市
0.69
0.49
0.88
0.93
0.75
0.22
66.7
55
绍兴市
0.73
0.51
0.73
0.87
0.90
0.21
66.5
56
抚州市
0.53
0.58
0.80
0.93
0.45
0.28
66.4
57
荆州市
0.88
0.45
0.88
0.87
0.75
0.22
66.3
58
湘潭市
0.82
0.54
0.84
0.67
0.80
0.12
66.0
59
九江市
0.71
0.56
0.86
0.80
0.40
0.15
65.7
60
广元市
0.84
0.48
0.83
0.80
0.70
0.17
65.4
61
金华市
0.75
0.44
0.83
0.93
0.90
0.21
65.1
62
宜宾市
0.83
0.43
0.83
0.93
0.80
0.18
65.0
63
雅安市
0.84
0.39
0.86
0.93
0.85
0.28
64.9
64
阳江市
0.84
0.43
0.79
0.93
0.70
0.22
64.8
65
桂林市
0.83
0.47
0.63
0.93
0.60
0.27
64.6
66
东莞市
0.84
0.34
0.88
0.93
0.55
0.70
64.5
67
舟山市
0.81
0.50
0.71
0.87
0.50
0.18
64.3
68
广安市
0.76
0.50
0.88
0.67
0.65
0.27
64.1
69
宜春市
0.56
0.51
0.83
0.93
0.60
0.20
63.8
70
巴中市
0.83
0.42
0.80
0.93
0.60
0.25
63.7
71
铜陵市
0.82
0.29
0.83
0.93
0.65
0.90
63.6
72
湛江市
0.84
0.38
0.88
0.93
0.90
0.16
63.4
73
益阳市
0.88
0.40
0.87
0.93
0.65
0.13
63.3
74
遂宁市
0.79
0.42
0.87
0.93
0.60
0.21
63.0
75
遵义市
0.84
0.41
0.88
0.87
0.75
0.13
62.7
76
鞍山市
0.80
0.52
0.68
0.67
0.60
0.17
62.4
77
淮安市
0.82
0.41
0.88
0.93
0.35
0.26
62.3
78
滁州市
0.88
0.36
0.83
0.93
0.75
0.25
62.2
79
烟台市
0.61
0.50
0.78
0.87
0.45
0.26
62.1
80
南阳市
0.81
0.42
0.88
0.93
0.40
0.13
62.0
81
岳阳市
0.88
0.35
0.88
0.93
0.85
0.15
61.9
82
梧州市
0.82
0.38
0.88
0.87
0.75
0.26
61.8
83
聊城市
0.50
0.51
0.83
0.93
0.30
0.20
61.3
84
吉安市
0.58
0.46
0.84
0.87
0.60
0.27
61.2
85
黄石市
0.82
0.30
0.83
0.93
0.50
0.70
61.1
86
上饶市
0.53
0.48
0.88
0.73
0.70
0.29
61.0
87
恩施州
0.69
0.48
0.53
0.87
0.60
0.22
60.9
88
德州市
0.78
0.39
0.83
0.87
0.85
0.12
60.6
89
株洲市
0.88
0.33
0.87
0.93
0.70
0.22
60.5
90
洛阳市
0.80
0.45
0.77
0.80
0.35
0.17
60.4
91
黄冈市
0.82
0.30
0.77
0.80
0.75
0.70
60.3
92
景德镇市
0.61
0.47
0.81
0.67
0.85
0.17
59.7
92
漯河市
0.67
0.32
0.84
0.93
0.50
0.65
59.7
93
汉中市
0.80
0.38
0.83
0.73
0.80
0.22
59.6
94
巴彦淖尔市
0.81
0.36
0.88
0.80
0.70
0.25
59.5
95
娄底市
0.79
0.33
0.84
0.93
0.60
0.30
59.1
96
蚌埠市
0.62
0.39
0.79
0.93
0.80
0.13
58.8
97
大同市
0.58
0.37
0.78
0.80
0.60
0.65
58.5
97
台州市
0.73
0.42
0.73
0.80
0.60
0.20
58.5
98
齐齐哈尔市
0.73
0.40
0.79
0.87
0.50
0.19
58.4
99
茂名市
0.76
0.36
0.88
0.87
0.55
0.19
58.3
100
北海市
0.72
0.46
0.78
0.67
0.50
0.18
58.2
100
安庆市
0.66
0.33
0.81
0.93
0.70
0.40
58.2
（备注：100名以后的网站如需了解具体名次，请与评估工作组联系。）